DRIVER
  os.environ['SMA_TSO_COSMOS_ELEMAT'] = '1'
  driver.registerSaveRule( UpdateRules.COPY, CheckPoints.ITER_COMPLETE, EventTimes.LAST, [ '*.ste*' ], 'SAVE.ste', '' )
  driver.registerSaveRule( UpdateRules.COPY, CheckPoints.ITER_COMPLETE, EventTimes.LAST, [ '*.lcd*' ], 'SAVE.ste', '' )
  driver.registerSaveRule( UpdateRules.COPY, CheckPoints.ITER_COMPLETE, EventTimes.LAST, [ '*.lcm*' ], 'SAVE.ste', '' )
END_

FEM_INPUT
  ID_NAME = 6A631C18-D6F4-4E34-8944-9720314004A9_1
  FILE = 6A631C18-D6F4-4E34-8944-9720314004A9.NOD
END_

*SET_DB,rint,130,1

GROUP_DEF
  ID_NAME = FROZEN_AREA_ELEMS_GRP_1
  TYPE=ELEM
  FORMAT=LIST
  LIST_BEGIN
1,2,3,10,11,12,13,14,15,16,28,29,30,31,32,33,34,35,36,37,38,39,40,41,42,43,44,45,46,47,48,
49,50,51,52,53,54,55,56,57,58,59,60,61,62,63,64,65,78,79,80,81,82,85,100,101,102,103,104,105,
106,149,150,151,152,153,172,173,174,186,187,188,189,190,218,224,225,226,227,228,229,230,231,
232,233,234,235,236,237,238,239,240,241,242,243,244,246,247,248,249,250,251,252,253,254,255,
257,258,259,260,261,262,263,264,266,267,268,269,270,271,272,273,274,275,276,277,278,279,280,
281,282,283,284,285,286,287,288,290,291,292,293,294,295,296,297,298,299,300,301,303,304,306,
315,318,319,320,322,323,324,325,326,327,328,329,330,331,332,333,334,335,336,337,338,339,340,
341,346,349,350,351,352,353,366,384,387,401,402,403,404,405,406,407,408,431,432,433,434,435,
436,437,442,443,444,445,446,452,463,464,465,466,473,474,475,476,477,478,479,480,502,510,519,
545,546,548,549,550,551,552,553,554,555,556,558,559,560,561,563,564,565,567,568,569,570,571,
572,573,574,575,576,577,578,579,580,581,582,583,584,585,586,587,588,589,590,591,592,593,595,
596,597,598,600,603,606,607,608,609,610,611,617,618,625,626,627,628,629,630,631,632,633,634,
635,636,637,638,639,640,641,642,643,644,645,652,653,654,655,656,657,658,659,660,661,662,663,
664,665,666,667,668,669,670,671,672,673,674,675,676,677,678,679,680,681,682,683,684,686,687,
692,694,695,696,697,698,699,700,701,702,703,704,705,706,707,708,709,710,711,712,713,719,720,
721,723,737,739,740,741,753,754,755,756,757,758,759,760,761,762,763,764,765,767,778,779,780,
781,782,783,790,791,792,793,794,804,805,806,807,808,809,810,811,812,813,814,815,816,817,818,
819,820,821,822,823,824,830,831,841,842,843,844,845,854,855,856,857,858,864,865,868,869,871,
887,888,889,890,891,892,893,894,895,909,910,913,914,915,923,929,932,933,934,935,936,937,945,
946,947,949,950,951,952,953,954,955,956,957,958,959,960,961,962,963,964,965,966,967,968,971,
972,973,974,975,976,990,991,998,999,1000,1001,1002,1003,1004,1005,1006,1007,1008,1009,1010,
1011,1012,1018,1019,1020,1021,1022,1023,1024,1025,1026,1027,1028,1029,1030,1031,1032,1033,
1034,1035,1036,1037,1038,1039,1040,1041,1044,1045,1046,1047,1048,1049,1050,1051,1052,1053,
1054,1056,1057,1058,1059,1060,1061,1062,1063,1064,1065,1066,1067,1070,1071,1074,1076,1077,
1078,1079,1080,1081,1082,1083,1086,1087,1088,1089,1090,1091,1092,1093,1094,1095,1096,1097,
1098,1099,1100,1102,1104,1105,1106,1107,1108,1109,1110,1111,1118,1119,1120,1121,1122,1124,
1129,1130,1131,1132,1133,1134,1135,1136,1137,1138,1139,1140,1141,1142,1145,1146,1147,1148,
1153,1154,1155,1156,1157,1158,1159,1160,1161,1162,1163,1166,1167,1168,1169,1170,1171,1172,
1173,1174,1175,1176,1177,1178,1179,1187,1188,1189,1190,1191,1192,1193,1194,1195,1196,1197,
1198,1199,1200,1201,1202,1203,1204,1205,1206,1207,1208,1209,1210,1211,1212,1232,1233,1234,
1235,1236,1243,1244,1246,1247,1248,1249,1257,1258,1259,1260,1261,1262,1263,1264,1265,1266,
1267,1268,1269,1270,1271,1272,1273,1274,1275,1276,1277,1278,1279,1280,1281,1289,1290,1291,
1292,1293,1294,1295,1307,1308,1309,1310,1311,1313,1314,1315,1316,1318,1319,1332,1333,1334,
1335,1336,1337,1338,1339,1340,1341,1342,1343,1344,1356,1363,1364,1365,1366,1367,1368,1369,
1370,1371,1372,1373,1374,1375,1376,1381,1382,1383,1384,1385,1386,1387,1388,1399,1434,1446,
1448,1452,1453,1477,1478,1480,1482,1486,1487,1488,1490,1491,1493,1494,1495,1496,1497,1499,
1500,1501,1502,1503,1504,1505,1506,1507,1508,1509,1510,1511,1512,1513,1514,1515,1516,1518,
1526,1527,1528,1529,1530,1531,1532,1546,1547,1548,1551,1553,1554,1555,1556,1557,1558,1559,
1560,1561,1562,1563,1564,1565,1566,1567,1568,1569,1570,1571,1572,1573,1578,1579,1580,1581,
1582,1584,1585,1586,1587,1589,1590,1591,1593,1594,1595,1596,1597,1598,1599,1600,1601,1603,
1614,1615,1616,1617,1618,1619,1620,1621,1622,1623,1624,1625,1627,1628,1630,1631,1632,1633,
1634,1635,1636,1637,1638,1639,1640,1641,1642,1643,1644,1652,1653,1654,1655,1656,1657,1658,
1659,1660,1661,1662,1663,1664,1665,1667,1668,1669,1670,1671,1672,1673,1674,1687,1688,1689,
1691,1692,1699,1700,1701,1702,1703,1705,1706,1707,1708,1709,1710,1711,1712,1713,1714,1715,
1716,1717,1718,1729,1730,1731,1732,1733,1734,1735,1736,1737,1738,1739,1740,1741,1742,1743,
1744,1745,1746,1747,1748,1749,1753,1754,1758,1759,1760,1761,1762,1763,1771,1772,1773,1774,
1775,1776,1777,1778,1779,1780,1781,1783,1784,1785,1786,1787,1788,1789,1790,1791,1792,1794,
1803,1809,1810,1811,1812,1813,1814,1815,1816,1817,1818,1819,1820,1821,1822,1823,1824,1825,
1826,1827,1828,1829,1830,1831,1844,1845,1846,1847,1848,1857,1864,1865,1866,1867,1868,1869,
1870,1871,1872,1873,1874,1875,1876,1877,1878,1879,1880,1881,1882,1883,1884,1885,1886,1887,
1888,1889,1897,1899,1900,1901,1903,1904,1905,1906,1907,1908,1909,1910,1913,1914,1915,1916,
1917,1918,1919,1923,1925,1926,1928,1929,1930,1931,1932,1933,1934,1935,1937,1938,1941,1942,
1943,1944,1945,1946,1947,1948,1949,1951,1952,1953,1954,1958,1959,1960,1961,1962,1963,1964,
1965,1966,1968,1969,1970,1971,1972,1973,1974,1975,1976,1977,1978,1980,1982,1983,1985,1986,
1987,1988,1990,1992,1994,1995,1996,1997,1998,1999,2000,2001,2002,2009,2010,2011,2012,2013,
2014,2015,2028,2029,2030,2031,2032,2033,2035,2036,2037,2038,2039,2040,2047,2048,2049,2050,
2051,2052,2053,2054,2063,2064,2070,2071,2073,2074,2081,2082,2085,2086,2087,2088,2089,2090,
2091,2092,2093,2094,2095,2096,2097,2098,2100,2101,2102,2103,2104,2105,2112,2113,2114,2115,
2116,2117,2119,2128,2129,2130,2131,2132,2133,2134,2135,2137,2138,2139,2141,2142,2143,2144,
2145,2146,2147,2148,2149,2150,2151,2152,2153,2154,2155,2156,2157,2158,2170,2171,2172,2173,
2175,2181,2182,2183,2184,2185,2186,2187,2188,2189,2190,2191,2192,2193,2194,2195,2196,2197,
2198,2200,2211,2212,2213,2214,2215,2220,2229,2230,2231,2232,2233,2234,2235,2236,2237,2238,
2239,2240,2248,2249,2250,2251,2252,2253,2254,2255,2256,2257,2258,2259,2260,2261,2262,2263,
2264,2265,2266,2267,2268,2269,2270,2271,2272,2273,2274,2275,2276,2277,2278,2279,2280,2281,
2282,2284,2285,2286,2287,2288,2289,2290,2291,2292,2293,2294,2295,2296,2297,2298,2299,2300,
2301,2302,2303,2304,2305,2306,2307,2308,2309,2310,2311,2312,2313,2314,2315,2316,2317,2318,
2323,2324,2325,2326,2327,2328,2329,2330,2331,2332,2333,2334,2335,2336,2337,2338,2339,2340,
2341,2342,2343,2344,2345,2346,2347,2348,2349,2350,2351,2352,2353,2354,2355,2356,2359,2360,
2362,2363,2364,2365,2366,2367,2368,2369,2370,2371,2372,2373,2374,2375,2382,2383,2384,2385,
2386,2387,2388,2389,2390,2391,2392,2393,2394,2395,2396,2412,2415,2421,2422,2423,2424,2425,
2426,2427,2428,2429,2430,2431,2432,2433,2434,2435,2437,2438,2439,2445,2463,2464,2465,2466,
2467,2468,2469,2470,2471,2472,2473,2474,2475,2476,2477,2478,2479,2480,2481,2482,2483,2484,
2492,2493,2494,2495,2496,2497,2498,2499,2501,2505,2506,2508,2512,2522,2523,2532,2533,2537,
2538,2540,2542,2543,2544,2545,2546,2547,2548,2558,2560,2562,2563,2564,2569,2573,2575,2576,
2577,2578,2580,2581,2582,2583,2584,2585,2586,2587,2588,2589,2594,2599,2600,2601,2602,2603,
2604,2605,2606,2607,2608,2609,2610,2611,2612,2613,2614,2616,2617,2618,2619,2621,2622,2624,
2625,2626,2639,2641,2646,2652,2654,2659,2668,2670,2680,2681,2683,2686,2687,2688,2690,2694,
2695,2696,2698,2699,2700,2701,2702,2703,2704,2705,2706,2707,2708,2709,2714,2715,2716,2718,
2719,2720,2721,2722,2723,2724,2726,2732,2734,2736,2739,2747,2749,2750,2763,2771,2772,2774,
2776,2780,2781,2782,2783,2784,2785,2786,2787,2788,2789,2790,2791,2792,2793,2797,2798,2800,
2810,2811,2814,2824,2826,2828,2829,2830,2833,2834,2835,2836,2837,2838,2839,2840,2841,2843,
2844,2845,2846,2847,2848,2849,2851,2852,2854,2856,2858,2859,2861,2862,2863,2864,2866,2868,
2869,2870,2871,2872,2873,2874,2875,2876,2877,2878,2879,2880,2881,2882,2883,2884,2885,2886,
2887,2888,2889,2890,2892,2895,2898,2899,2901,2902,2903,2905,2906,2907,2908,2909,2910,2911,
2912,2913,2914,2917,2921,2923,2924,2925,2926,2929,2932,2933,2934,2935,2939,2940,2942,2944,
2948,2949,2951,2953,2954,2955,2957,2958,2959,2960,2961,2962,2963,2964,2965,2966,2967,2968,
2969,2970,2971,2972,2974,2975,2976,2977,2978,2979,2981,2982,2983,2984,2985,2986,2991,2992,
2995,2997,2998,2999,3000,3001,3002,3003,3004,3005,3006,3007,3008,3009,3010,3011,3012,3013,
3014,3015,3016,3019,3021,3030,3032,3042,3044,3045,3046,3047,3048,3049,3050,3051,3052,3053,
3054,3056,3057,3060,3062,3063,3064,3065,3068,3069,3070,3071,3072,3073,3074,3075,3076,3077,
3078,3079,3080,3081,3082,3083,3084,3085,3086,3087,3088,3089,3090,3091,3092,3093,3094,3095,
3096,3097,3098,3099,3100,3101,3102,3103,3105,3106,3107,3108,3109,3112,3113,3114,3115,3116,
3117,3118,3119,3120,3121,3122,3123,3124,3125,3126,3127,3128,3129,3130,3131,3132,3133,3135,
3136,3140,3141,3144,3147,3148,3149,3151,3152,3153,3154,3155,3156,3157,3158,3161,3165,3166,
3169,3170,3173,3174,3175,3176,3177,3178,3179,3180,3182,3185,3186,3189,3192,3195,3196,3197,
3198,3199,3201,3203,3204,3206,3207,3209,3210,3212,3213,3214,3215,3216,3217,3218,3219,3220,
3221,3222,3223,3224,3225,3226,3227,3232,3233,3234,3235,3236,3237,3238,3239,3240,3241,3242,
3243,3244,3246,3247,3249,3250,3251,3255,3256,3258,3259,3261,3262,3264,3265,3266,3267,3268,
3269,3270,3271,3272,3273,3274,3275,3276,3277,3278,3279,3280,3281,3282,3283,3285,3286,3287,
3289,3295,3296,3298,3301,3302,3305,3309,3310,3311,3312,3313,3314,3315,3316,3317,3318,3319,
3320,3321,3322,3323,3324,3325,3326,3327,3331,3332,3335,3336,3338,3341,3342,3344,3348,3351,
3352,3354,3355,3357,3358,3359,3363,3364,3365,3367,3368,3369,3370,3371,3372,3373,3374,3375,
3376,3377,3378,3379,3380,3381,3382,3383,3384,3385,3386,3387,3388,3397,3398,3400,3401,3404,
3405,3406,3407,3408,3409,3410,3411,3412,3413,3414,3415,3417,3418,3419,3420,3421,3422,3423,
3424,3425,3426,3427,3428,3429,3430,3431,3432,3433,3434,3438,3440,3444,3445,3446,3448,3449,
3450,3453,3454,3455,3457,3458,3459,3460,3461,3463,3464,3465,3466,3467,3468,3469,3470,3472,
3473,3474,3475,3476,3477,3478,3479,3480,3481,3482,3486,3487,3488,3489,3490,3491,3496,3498,
3500,3501,3503,3505,3506,3510,3513,3514,3518,3519,3520,3521,3522,3523,3524,3525,3526,3527,
3528,3529,3530,3531,3532,3533,3534,3535,3536,3537,3538,3539,3540,3541,3542,3543,3544,3545,
3546,3547,3548,3549,3550,3551,3552,3553,3554,3555,3556,3557,3558,3559,3560,3561,3562,3563,
3564,3565,3566,3567,3569,3571,3573,3574,3575,3576,3577,3578,3579,3580,3581,3582,3583,3586,
3587,3589,3590,3591,3592,3593,3594,3595,3599,3605,3610,3612,3614,3619,3620,3621,3623,3624,
3626,3628,3629,3630,3631,3632,3633,3634,3635,3636,3637,3638,3658,3659,3660,3661,3662,3663,
3664,3665,3666,3667,3668,3669,3670,3671,3675,3678,3679,3683,3684,3688,3691,3692,3694,3695,
3696,3698,3699,3701,3702,3710,3716,3717,3718,3719,3721,3722,3724,3726,3731,3736,3739,3740,
3741,3744,3747,3748,3751,3753,3754,3755,3756,3757,3758,3759,3760,3761,3762,3763,3764,3766,
3768,3769,3771,3772,3779,3780,3781,3782,3783,3784,3785,3786,3787,3788,3790,3791,3792,3814,
3815,3816,3817,3818,3821,3822,3823,3824,3825,3826,3827,3828,3829,3830,3831,3832,3833,3834,
3837,3840,3841,3842,3843,3844,3845,3846,3847,3848,3849,3850,3851,3852,3854,3864,3865,3866,
3867,3868,3869,3870,3871,3872,3873,3874,3875,3876,3878,3879,3880,3882,3887,3888,3889,3890,
3891,3892,3893,3894,3898,3899,3900,3902,3903,3904,3905,3907,3909,3910,3911,3912,3913,3915,
3916,3917,3918,3919,3920,3923,3924,3925,3926,3933,3934,3938,3939,3942,3943,3947,3951,3952,
3953,3954,3955,3956,3957,3958,3959,3960,3961,3962,3963,3964,3970,3972,3973,3982,3983,3984,
3985,3986,3991,3995,3998,4002,4003,4004,4005,4006,4008,4009,4010,4011,4012,4013,4016,4017,
4018,4019,4021,4022,4023,4024,4025,4026,4027,4028,4033,4034,4035,4036,4038,4040,4045,4046,
4048,4050,4051,4052,4053,4054,4055,4056,4057,4058,4059,4060,4063,4064,4065,4067,4071,4075,
4077,4078,4083,4084,4087,4094,4096,4100,4101,4102,4103,4105,4107,4110,4114,4115,4125,4126,
4127,4128,4129,4130,4131,4132,4134,4135,4136,4137,4139,4140,4142,4144,4145,4149,4150,4151,
4153,4154,4156,4157,4158,4159,4161,4164,4169,4170,4171,4172,4173,4176,4177,4178,4179,4180,
4181,4182,4184,4186,4194,4195,4197,4202,4204,4205,4207,4208,4209,4210,4211,4213,4214,4215,
4216,4217,4218,4219,4220,4221,4222,4223,4224,4225,4228,4229,4230,4231,4232,4235,4236,4237,
4238,4239,4240,4241,4242,4243,4244,4245,4246,4247,4249,4250,4251,4252,4253,4255,4256,4257,
4258,4259,4260,4261,4262,4263,4264,4265,4266,4268,4269,4270,4271,4272,4273,4276,4277,4281,
4282,4284,4292,4293,4294,4295,4296,4300,4307,4309,4316,4317,4318,4319,4320,4321,4324,4325,
4326,4328,4329,4332,4336,4337,4338,4339,4346,4348,4349,4350,4351,4352,4353,4354,4355,4356,
4357,4358,4359,4360,4361,4362,4363,4364,4365,4366,4368,4369,4370,4371,4372,4375,4376,4377,
4378,4379,4380,4381,4382,4386,4388,4389,4390,4391,4392,4393,4394,4400,4403,4405,4406,4407,
4408,4409,4410,4411,4412,4413,4414,4415,4416,4417,4418,4419,4420,4421,4424,4425,4426,4427,
4428,4429,4430,4431,4432,4433,4434,4435,4436,4437,4439,4443,4444,4447,4449,4451,4454,4456,
4458,4460,4461,4463,4465,4466,4467,4468,4469,4470,4471,4472,4473,4474,4475,4476,4477,4478,
4479,4480,4481,4483,4484,4485,4486,4487,4488,4491,4493,4495,4496,4499,4500,4501,4508,4509,
4510,4512,4516,4517,4518,4520,4521,4527,4529,4533,4535,4536,4537,4538,4539,4540,4541,4542,
4544,4545,4546,4547,4548,4549,4550,4551,4552,4553,4554,4555,4556,4557,4558,4559,4560,4561,
4562,4565,4566,4567,4568,4569,4570,4571,4573,4574,4585,4586,4589,4590,4592,4593,4596,4599,
4601,4602,4603,4604,4605,4606,4609,4610,4611,4612,4613,4614,4615,4617,4621,4622,4623,4625,
4626,4631,4632,4634,4637,4639,4642,4643,4644,4645,4646,4647,4648,4649,4650,4653,4654,4655,
4656,4658,4659,4661,4662,4663,4664,4665,4669,4672,4678,4679,4682,4683,4686,4687,4690,4691,
4692,4693,4694,4695,4699,4700,4701,4702,4703,4706,4708,4709,4710,4712,4713,4715,4718,4720,
4721,4722,4723,4724,4725,4726,4727,4728,4730,4732,4734,4737,4738,4739,4741,4742,4750,4754,
4757,4758,4760,4761,4762,4764,4765,4766,4767,4768,4769,4770,4772,4773,4774,4775,4776,4777,
4780,4781,4785,4786,4791,4794,4795,4797,4798,4801,4805,4806,4807,4809,4810,4811,4812,4813,
4814,4815,4816,4819,4820,4821,4822,4823,4824,4825,4826,4827,4828,4829,4831,4832,4833,4834,
4835,4842,4843,4845,4849,4851,4853,4854,4855,4856,4857,4858,4859,4860,4861,4862,4863,4864,
4865,4866,4867,4868,4869,4870,4872,4874,4875,4876,4877,4878,4880,4885,4887,4888,4889,4890,
4891,4892,4893,4894,4895,4896,4897,4898,4899,4900,4904,4905,4915,4919,4920,4923,4924,4937,
4938,4942,4945,4946,4947,4948,4950,4951,4953,4954,4955,4956,4957,4958,4959,4960,4962,4963,
4966,4969,4974,4975,4977,4979,4984,4985,4987,4996,4998,5006,5010,5012,5013,5015,5016,5019,
5020,5022,5027,5028,5030,5031,5032,5034,5035,5036,5074,5076,5077,5079,5088,5089,5090,5091,
5092,5093,5094,5095,5111,5112,5114,5115,5116,5117,5118,5119,5120,5121,5122,5123,5125,5126,
5127,5128,5129,5130,5132,5133,5134,5135,5136,5139,5140,5142,5145,5146,5169,5170,5171,5173,
5175,5179,5181,5182,5183,5184,5185,5187,5188,5190,5192,5193,5194,5195,5196,5197,5198,5199,
5200,5201,5202,5203,5207,5208,5212,5213,5214,5215,5216,5217,5218,5219,5220,5221,5222,5223,
5225,5226,5227,5228,5229,5231,5234,5235,5236,5239,5240,5241,5242,5243,5244,5245,5247,5248,
5249,5250,5251,5252,5253,5254,5255,5256,5257,5258,5259,5260,5261,5262,5263,5264,5266,5267,
5268,5269,5272,5273,5274,5277,5279,5285,5286,5287,5288,5289,5290,5292,5295,5298,5314,5315,
5318,5319,5320,5321,5322,5323,5330,5338,5339,5343,5348,5350,5352,5353,5354,5355,5360,5363,
5364,5365,5366,5367,5368,5369,5372,5374,5376,5379,5382,5383,5384,5387,5388,5390,5391,5392,
5393,5394,5395,5396,5398,5399,5400,5401,5402,5403,5404,5409,5410,5411,5412,5418,5421,5422,
5424,5430,5435,5436,5437,5438,5439,5440,5441,5442,5449,5450,5451,5452,5460,5466,5469,5470,
5471,5472,5473,5474,5479,5480,5481,5482,5485,5487,5489,5490,5491,5492,5493,5494,5495,5496,
5497,5498,5499,5501,5503,5504,5505,5507,5508,5510,5511,5512,5513,5515,5521,5522,5523,5524,
5525,5526,5527,5528,5529,5542,5544,5545,5546,5548,5549,5551,5561,5568,5579,5581,5583,5584,
5585,5586,5587,5588,5589,5590,5591,5592,5593,5594,5596,5597,5598,5599,5600,5601,5602,5603,
5604,5607,5608,5609,5610,5613,5634,5635,5639,5643,5645,5647,5648,5649,5650,5651,5652,5655,
5656,5657,5661,5663,5664,5665,5666,5668,5670,5671,5672,5673,5674,5675,5676,5678,5679,5681,
5682,5683,5684,5686,5688,5689,5690,5691,5692,5694,5695,5697,5698,5699,5702,5704,5705,5707,
5708,5713,5715,5717,5718,5719,5722,5724,5727,5728,5729,5730,5762,5763,5766,5767,5768,5769,
5771,5773,5775,5777,5778,5779,5781,5784,5787,5788,5793,5794,5798,5817,5826,5828,5829,5830,
5832,5834,5835,5837,5839,5841,5845,5847,5848,5849,5850,5851,5852,5853,5854,5855,5860,5863,
5865,5866,5867,5868,5869,5870,5871,5872,5873,5874,5875,5876,5877,5878,5879,5880,5881,5882,
5883,5888,5889,5890,5891,5892,5893,5896,5903,5905,5906,5908,5909,5911,5912,5916,5917,5918,
5920,5921,5925,5926,5930,5931,5932,5933,5934,5935,5936,5937,5938,5939,5940,5941,5942,5943,
5944,5945,5949,5950,5953,5954,5955,5956,5957,5958,5959,5960,5961,5962,5963,5964,5965,5966,
5967,5968,5969,5970,5971,5972,5973,5974,5975,5976,5977,5978,5979,5980,5981,5982,5983,5984,
5985,5986,5987,5988,5989,5990,5991,5992,5993,5994,5995,5996,5997,5998,5999,6002,6004,6005,
6007,6008,6009,6010,6012,6013,6014,6016,6017,6018,6019,6020,6021,6022,6023,6024,6025,6026,
6027,6028,6029,6030,6031,6032,6033,6034,6035,6036,6037,6038,6039,6040,6041,6042,6043,6046,
6047,6048,6049,6052,6056,6057,6059,6072,6073,6074,6076,6077,6078,6079,6090,6146,6149,6150,
6151,6152,6161,6164,6165,6166,6169,6170,6172,6173,6174,6176,6177,6178,6181,6182,6197,6198,
6200,6201,6202,6203,6204,6205,6206,6228,6237,6239,6240,6242,6243,6248,6249,6253,6254,6256,
6262,6265,6267,6268,6269,6271,6281,6284,6287,6288,6289,6290,6292,6295,6308,6317,6324,6325,
6326,6331,6332,6341,6348,6349,6351,6352,6353,6356,6357,6369,6371,6378,6380,6381,6382,6383,
6384,6386,6387,6388,6389,6390,6391,6392,6393,6399,6400,6401,6404,6405,6406,6407,6409,6410,
6411,6412,6413,6414,6415,6416,6417,6418,6419,6422,6423,6424,6428,6429,6430,6431,6432,6436,
6437,6438,6440,6441,6446,6448,6452,6457,6460,6461,6462,6463,6464,6465,6466,6467,6468,6469,
6470,6471,6472,6473,6474,6475,6476,6477,6478,6481,6482,6485,6486,6488,6493,6495,6496,6497,
6498,6499,6500,6502,6504,6505,6506,6507,6508,6510,6511,6512,6513,6519,6521,6522,6523,6524,
6525,6526,6527,6528,6529,6530,6531,6532,6533,6538,6539,6541,6542,6544,6548,6550,6551,6552,
6553,6554,6556,6557,6558,6559,6563,6566,6568,6570,6572,6573,6574,6575,6576,6577,6578,6579,
6580,6581,6582,6583,6584,6585,6586,6587,6588,6589,6590,6591,6592,6593,6594,6595,6596,6597,
6598,6599,6600,6601,6602,6603,6604,6605,6606,6607,6608,6610,6611,6612,6614,6615,6627,6628,
6629,6631,6633,6634,6636,6637,6638,6639,6640,6641,6642,6643,6644,6647,6650,6651,6652,6654,
6655,6656,6659,6661,6662,6663,6664,6665,6666,6667,6668,6669,6670,6672,6673,6674,6675,6676,
6677,6678,6679,6680,6681,6682,6685,6688,6691,6706,6707,6708,6709,6712,6714,6718,6727,6729,
6730,6734,6735,6740,6746,6748,6750,6753,6754,6759,6761,6762,6763,6764,6765,6766,6767,6774,
6777,6784,6786,6787,6791,6793,6798,6799,6803,6804,6806,6808,6809,6810,6811,6812,6813,6814,
6815,6816,6817,6818,6819,6820,6821,6822,6823,6824,6825,6826,6827,6828,6829,6830,6831,6832,
6833,6834,6835,6836,6837,6838,6839,6840,6841,6842,6843,6844,6845,6846,6847,6848,6849,6852,
6853,6854,6855,6857,6858,6864,6866,6869,6870,6871,6872,6873,6874,6875,6879,6881,6889,6890,
6891,6894,6895,6896,6897,6898,6900,6905,6923,6926,6927,6928,6929,6932,6933,6935,6936,6938,
6939,6940,6942,6943,6945,6946,6947,6951,6956,6957,6958,6959,6961,6962,6963,6964,6966,6967,
6968,6970,6971,6972,6973,6974,6977,6978,6979,6980,6981,6982,6983,6986,6987,6988,6989,6990,
6993,6994,6995,6996,6997,6999,7000,7001,7002,7003,7004,7005,7007,7008,7009,7010,7011,7012,
7014,7016,7020,7021,7022,7026,7027,7028,7029,7030,7033,7034,7036,7038,7043,7044,7045,7050,
7056,7064,7065,7067,7068,7069,7070,7071,7072,7073,7074,7075,7076,7077,7078,7079,7080,7081,
7082,7084,7088,7093,7095,7096,7101,7103,7106,7107,7108,7109,7110,7111,7112,7115,7116,7117,
7119,7120,7121,7136,7137,7138,7139,7141,7142,7146,7152,7153,7161,7162,7163,7164,7165,7179,
7184,7186,7187,7188,7189,7190,7191,7193,7194,7196,7198,7201,7202,7203,7204,7205,7206,7207,
7208,7209,7211,7212,7214,7215,7216,7217,7218,7220,7221,7222,7223,7224,7226,7227,7228,7229,
7230,7232,7233,7234,7236,7237,7238,7239,7240,7248,7251,7254,7255,7256,7257,7258,7259,7260,
7261,7265,7283,7304,7309,7310,7311,7313,7314,7317,7319,7321,7322,7324,7325,7327,7328,7329,
7331,7332,7333,7334,7335,7336,7337,7338,7339,7341,7342,7346,7348,7349,7351,7354,7355,7356,
7357,7362,7363,7369,7372,7375,7380,7383,7389,7392,7393,7394,7395,7396,7397,7398,7401,7404,
7405,7406,7410,7412,7414,7415,7416,7417,7418,7420,7421,7422,7424,7425,7430,7432,7433,7434,
7435,7436,7438,7439,7440,7441,7443,7444,7446,7448,7451,7452,7453,7454,7455,7456,7457,7462,
7463,7465,7466,7468,7475,7476,7477,7478,7479,7480,7481,7499,7504,7505,7507,7509,7514,7515,
7516,7522,7524,7526,7528,7529,7530,7531,7532,7533,7534,7535,7536,7537,7543,7553,7557,7558,
7579,7586,7589,7590,7591,7592,7593,7595,7596,7597,7598,7602,7603,7605,7606,7607,7608,7609,
7610,7611,7612,7613,7614,7615,7616,7617,7618,7619,7623,7624,7625,7626,7627,7630,7632,7633,
7635,7636,7639,7643,7644,7647,7648,7649,7650,7651,7652,7653,7654,7655,7656,7657,7658,7659,
7660,7661,7662,7663,7664,7665,7667,7668,7669,7670,7672,7673,7674,7675,7676,7677,7679,7680,
7681,7682,7683,7684,7685,7695,7697,7698,7699,7700,7701,7702,7703,7704,7706,7707,7708,7709,
7710,7711,7715,7719,7727,7731,7732,7733,7734,7735,7736,7737,7738,7739,7740,7741,7742,7743,
7744,7745,7746,7748,7749,7750,7755,7757,7759,7763,7764,7765,7767,7768,7769,7770,7771,7772,
7773,7774,7775,7776,7778,7779,7780,7781,7782,7783,7784,7785,7786,7787,7788,7789,7790,7791,
7793,7794,7795,7796,7797,7798,7799,7800,7801,7802,7803,7804,7805,7806,7807,7808,7809,7810,
7811,7812,7816,7817,7818,7823,7826,7828,7831,7833,7838,7839,7840,7841,7846,7849,7850,7851,
7852,7853,7854,7859,7872,7874,7875,7876,7877,7878,7879,7880,7881,7882,7883,7884,7885,7891,
7892,7893,7894,7895,7897,7898,7899,7900,7901,7902,7903,7904,7905,7906,7907,7908,7909,7910,
7911,7912,7915,7916,7917,7918,7919,7920,7921,7922,7923,7924,7925,7926,7927,7930,7931,7935,
7936,7938,7939,7940,7943,7944,7948,7949,7955,7956,7958,7959,7963,7964,7966,7968,7969,7970,
7971,7972,7973,7974,7975,7976,7977,7978,7979,7980,7981,7990,7996,7999,8000,8001,8002,8004,
8006,8007,8008,8009,8010,8011,8012,8013,8014,8015,8016,8017,8020,8021,8025,8033,8034,8038,
8042,8043,8045,8046,8047,8048,8049,8050,8051,8052,8053,8054,8055,8056,8057,8058,8059,8060,
8061,8068,8071,8075,8079,8080,8084,8086,8087,8089,8090,8091,8092,8095,8096,8097,8098,8107,
8108,8109,8110,8111,8112,8113,8114,8115,8117,8122,8123,8126,8129,8130,8131,8132,8134,8136,
8140,8146,8147,8153,8154,8155,8163,8165,8169,8170,8171,8173,8174,8176,8177,8178,8179,8180,
8181,8182,8183,8184,8185,8186,8187,8188,8189,8190,8196,8199,8200,8201,8202,8204,8205,8206,
8207,8208,8209,8210,8212,8215,8216,8217,8218,8219,8221,8224,8225,8226,8227,8229,8230,8231,
8233,8236,8237,8238,8239,8240,8243,8244,8252,8254,8255,8256,8257,8260,8263,8264,8271,8283,
8284,8285,8286,8287,8289,8290,8291,8295,8298,8302,8304,8307,8308,8315,8320,8326,8327,8328,
8331,8332,8335,8337,8338,8339,8340,8341,8345,8346,8349,8350,8352,8353,8354,8355,8357,8358,
8359,8360,8361,8362,8363,8364,8365,8366,8367,8368,8369,8370,8371,8372,8373,8374,8376,8377,
8379,8384,8386,8393,8397,8398,8402,8403,8404,8406,8409,8410,8412,8413,8417,8419,8420,8421,
8424,8427,8428,8429,8430,8432,8439,8441,8442,8443,8444,8445,8446,8447,8448,8449,8450,8451,
8452,8453,8454,8455,8456,8457,8464,8466,8469,8475,8477,8482,8484,8491,8499,8500,8501,8502,
8503,8504,8535,8537,8538,8539,8542,8543,8544,8545,8550,8561,8563,8567,8569,8570,8571,8572,
8575,8577,8579,8580,8601,8606,8612,8614,8617,8620,8628,8649,8650,8667,8670,8673,8676,8677,
8679,8682,8683,8684,8685,8694,8695,8696,8704,8706,8707,8713,8714,8718,8720,8729,8732,8809,
8811,8814,8815,8816,8817,8820,8825,8827,8829,8830,8831,8832,8833,8835,8837,8838,8839,8840,
8841,8843,8845,8846,8847,8848,8851,8852,8853,8855,8856,8857,8858,8859,8862,8864,8865,8870,
8877,8879,8880,8881,8887,8889,8890,8891,8892,8893,8894,8895,8896,8898,8899,8900,8901,8902,
8903,8905,8906,8907,8911,8913,8914,8915,8917,8918,8919,8920,8925,8926,8929,8931,8932,8933,
8934,8935,8936,8938,8940,8941,8942,8943,8946,8947,8951,8953,8954,8955,8958,8959,8960,8961,
8963,8964,8965,8966,8968,8978,8982,8987,8988,8989,8993,8994,8995,8996,8997,9000,9001,9002,
9003,9005,9007,9008,9015,9016,9019,9020,9021,9022,9023,9024,9025,9026,9027,9028,9033,9036,
9037,9038,9040,9042,9045,9046,9047,9050,9051,9052,9053,9055,9056,9057,9058,9059,9060,9062,
9065,9067,9068,9070,9071,9074,9078,9079,9080,9082,9083,9087,9088,9093,9094,9098,9102,9103,
9111,9115,9117,9118,9143,9145,9149,9150,9151,9153,9154,9155,9156,9157,9158,9159,9160,9161,
9162,9163,9164,9174,9191,9193,9194,9195,9196,9204,9207,9208,9209,9211,9213,9214,9215,9216,
9217,9221,9222,9223,9225,9231,9233,9258,9259,9261,9278,9282,9286,9287,9288,9290,9291,9293,
9294,9295,9296,9297,9298,9299,9300,9301,9302,9303,9305,9306,9310,9311,9357,9366,9367,9369,
9381,9386,9390,9395,9410,9411,9416,9419,9420,9421,9424,9425,9464,9466,9491,9499,9503,9504,
9505,9507,9508,9513,9515,9519,9523,9524,9525,9526,9527,9528,9529,9530,9531,9532,9533,9534,
9536,9537,9538,9539,9540,9542,9544,9547,9550,9558,9567,9569,9571,9572,9576,9579,9580,9581,
9582,9583,9585,9586,9587,9588,9589,9590,9592,9593,9594,9595,9596,9597,9598,9599,9600,9601,
9602,9603,9604,9605,9606,9607,9608,9609,9610,9611,9612,9613,9614,9616,9617,9623,9624,9627,
9628,9630,9631,9632,9633,9634,9635,9636,9637,9638,9639,9640,9641,9642,9643,9644,9645,9646,
9647,9648,9649,9650,9651,9652,9653,9654,9655,9656,9657,9658,9659,9660,9661,9662,9663,9664,
9665,9666,9669,9670,9671,9672,9673,9675,9676,9677,9678,9679,9681,9682,9684,9685,9686,9687,
9688,9689,9690,9691,9692,9699,9701,9710,9712,9713,9722,9740,9741,9743,9744,9745,9750,9755,
9759,9786,9787,9804,9817,9823,9827,9829,9830,9833,9838,9843,9845,9849,9854,9855,9861,9866,
9867,9869,9872,9874,9875,9876,9878,9882,9884,9885,9887,9908,9909,9944,9950,9951,9954,9955,
9957,9959,9979,9985,9988,9989,9990,9991,9992,9993,10005,10011,10013,10014,10021,10038,10039,
10040,10041,10042,10048,10051,10052,10056,10064,10065,10066,10072,10073,10078,10081,10082,
10087,10090,10094,10097,10098,10102,10104,10105,10106,10107,10129,10130,10132,10133,10134,
10136,10139,10145,10146,10155,10158,10162,10163,10164,10167,10168,10169,10170,10171,10172,
10173,10174,10175,10176,10177,10178,10180,10181,10186,10187,10202,10203,10204,10224,10225,
10226,10229,10230,10234,10235,10240,10244,10245,10247,10248,10251,10259,10260,10270,10288,
10312,10313,10319,10324,10325,10329,10334,10335,10336,10337,10338,10339,10343,10345,10346,
10347,10348,10349,10350,10351,10355,10361,10367,10399,10436,10445,10456,10466,10468,10470,
10472,10474,10475,10476,10478,10484,10485,10486,10503,10505,10508,10509,10525,10528,10531,
10532,10538,10541,10545,10547,10548,10553,10554,10555,10560,10561,10563,10564,10569,10571,
10574,10575,10576,10577,10578,10583,10584,10588,10589,10597,10598,10604,10606,10608,10611,
10612,10613,10616,10621,10628,10635,10638,10641,10642,10643,10644,10647,10649,10650,10654,
10655,10657,10659,10664,10668,10670,10671,10674,10676,10677,10679,10680,10683,10710,10727,
10728,10731,10733,10734,10738,10748,10751,10752,10753,10755,10756,10757,10758,10759,10762,
10763,10764,10765,10770,10774,10775,10776,10777,10778,10784,10787,10790,10797,10800,10801,
10804,10805,10807,10810,10811,10816,10822,10823,10824,10826,10846,10848,10857,10858,10864,
10865,10875,10878,10886,10916,10926,10938,10939,10944,10945,10951,10954,10956,10960,10961,
10965,10967,10968,10984,10992,10993,10994,10999,11000,11006,11007,11011,11012,11015,11016,
11021,11022,11023,11025,11026,11047,11053,11054,11055,11057,11058,11060,11062,11063,11065,
11066,11067,11068,11071,11074,11075,11079,11083,11084,11086,11089,11091,11092,11097,11098,
11101,11103,11104,11106,11110,11112,11114,11115,11117,11118,11119,11123,11126,11139,11143,
11146,11147,11148,11154,11160,11161,11163,11167,11168,11171,11175,11179,11180,11197,11198,
11200,11206,11208,11215,11218,11224,11228,11229,11231,11232,11234,11236,11239,11244,11245,
11247,11248,11249,11250,11251,11254,11255,11257,11258,11267,11276,11277,11278,11279,11280,
11281,11282,11283,11284,11285,11286,11287,11288,11289,11290,11291,11292,11294,11295,11311,
11351,11354,11356,11358,11359,11361,11363,11364,11366,11371,11390,11394,11395,11399,11400,
11402,11404,11405,11425,11428,11434,11435,11436,11439,11440,11444,11445,11448,11451,11452,
11457,11465,11469,11470,11471,11472,11473,11474,11480,11485,11491,11492,11494,11495,11497,
11499,11500,11501,11508,11509,11512,11518,11519,11520,11523,11527,11528,11529,11531,11532,
11536,11538,11550,11554,11563,11564,11565,11567,11568,11570,11571,11572,11574,11575,11577,
11580,11581,11582,11583,11586,11590,11591,11592,11593,11598,11599,11603,11606,11612,11614,
11617,11666,11671,11672
END_

! ----------------------------------------------------------------
!
! Design Response: Stiffness_Measure
!
DRESP
  ID_NAME = Stiffness_Measure
  LIST = NO_LIST
  DEF_TYPE = SYSTEM
  EL_GROUP = ALL_ELEMENTS
  TYPE = ENERGY_STIFF_MEASURE
  GROUP_OPER = SUM
  LC_SEL = SUM 
  LC_SET = STATIC, ALL, ALL, MAX
END_

! ----------------------------------------------------------------
!
! Design Response: Mass_DResp_1
!
DRESP
  ID_NAME = Mass_DResp_1
  LIST = NO_LIST
  DEF_TYPE = SYSTEM
  EL_GROUP = ALL_ELEMENTS
  TYPE = WEIGHT
  GROUP_OPER = SUM
END_

! ----------------------------------------------------------------
!
!
! Design Area: Task1_DESIGN_AREA
!
DV_TOPO
  ID_NAME = Task1_DESIGN_AREA
  EL_GROUP = ALL_ELEMENTS
END_

! ----------------------------------------------------------------
!
! Objective Function: StiffnessEnergy_Obj_Func
!
OBJ_FUNC
  ID_NAME = StiffnessEnergy_Obj_Func
  DRESP = Stiffness_Measure, 1.0
  TARGET = MIN
END_

! ----------------------------------------------------------------
!
! Constraint: Mass_Constraint_1
!
CONSTRAINT
  ID_NAME = Mass_Constraint_1
  DRESP = Mass_DResp_1
  MAGNITUDE = REL
  LE_VALUE = 0.3
END_

! ----------------------------------------------------------------
!
! Geometric Restriction: Frozen_ManufacConstraint_2
!
DVCON_TOPO
  ID_NAME = Frozen_ManufacConstraint_2
  EL_GROUP = FROZEN_AREA_ELEMS_GRP_1
  CHECK_TYPE = FROZEN
END_

! ----------------------------------------------------------------
!
! Geometric Restriction: Symm_ManufacConstraint_3-1
!
LINK_TOPO
  ID_NAME = Symm_ManufacConstraint_3-1_LINK_
  TYPE = PLANE_SYM, AXIS_3
  CS = CS_0 
  IGNORE_FROZEN = FALSE
END_

DVCON_TOPO
  ID_NAME = Symm_ManufacConstraint_3-1
  EL_GROUP = ALL_ELEMENTS
  CHECK_TYPE = LINK_TOPO
  CHECK_LINK = Symm_ManufacConstraint_3-1_LINK_
END_

! ----------------------------------------------------------------
!
!
! Optimize: OPTIMIZE_1_TOPOLOGY_OPTIMIZATION_CONTROLLER 
!
OPTIMIZE
  ID_NAME = OPTIMIZE_1_TOPOLOGY_OPTIMIZATION_SENSITIVITY
  DV = Task1_DESIGN_AREA
  OBJ_FUNC = StiffnessEnergy_Obj_Func
  DVCON = Frozen_ManufacConstraint_2
  DVCON = Symm_ManufacConstraint_3-1
  CONSTRAINT = Mass_Constraint_1
  STRATEGY = TOPO_SENSITIVITY
END_

OPT_PARAM
  ID_NAME = OPTIMIZE_1_TOPOLOGY_OPTIMIZATION_SENSITIVITY_OPT_PARAM_
  OPTIMIZE = OPTIMIZE_1_TOPOLOGY_OPTIMIZATION_SENSITIVITY
  DV_UPDATE_STRATEGY = CSA
  STABILIZATION = YES
  AUTO_FROZEN = BOTH
  AUTO_FROZEN_CON = BOTH
  STOP_CRITERION_LEVEL = BOTH
  STOP_CRITERION_OBJ = 0.001
  STOP_CRITERION_DENSITY = 0.005
END_

STOP
  ID_NAME = Task-1_GLOBAL_STOP_CONDITION_
  ITER_MAX = 75
END_

