DRIVER
  os.environ['SMA_TSO_COSMOS_ELEMAT'] = '1'
  driver.registerSaveRule( UpdateRules.COPY, CheckPoints.ITER_COMPLETE, EventTimes.LAST, [ '*.ste*' ], 'SAVE.ste', '' )
  driver.registerSaveRule( UpdateRules.COPY, CheckPoints.ITER_COMPLETE, EventTimes.LAST, [ '*.lcd*' ], 'SAVE.ste', '' )
  driver.registerSaveRule( UpdateRules.COPY, CheckPoints.ITER_COMPLETE, EventTimes.LAST, [ '*.lcm*' ], 'SAVE.ste', '' )
END_

FEM_INPUT
  ID_NAME = Optimization_Simulation-Topology_Study_2_1
  FILE = Optimization Simulation-Topology Study 2.NOD
END_

*SET_DB,rint,130,1

GROUP_DEF
  ID_NAME = FROZEN_AREA_ELEMS_GRP_1
  TYPE=ELEM
  FORMAT=LIST
  LIST_BEGIN
7,8,14,15,16,17,18,24,25,26,27,28,29,30,33,52,55,59,62,69,72,73,74,75,76,77,78,79,80,81,82,
86,111,131,132,136,137,145,146,147,148,149,150,151,158,159,160,161,162,163,164,165,166,167,
168,169,170,171,172,177,181,182,183,184,185,186,187,188,189,190,191,192,193,194,195,196,197,
199,200,201,202,203,224,225,226,227,228,229,230,231,232,237,238,239,240,241,242,246,252,253,
254,255,256,257,258,259,260,261,262,263,264,265,288,289,291,292,293,295,296,297,298,299,300,
301,302,303,305,306,307,308,314,315,316,317,318,319,329,330,331,332,333,334,335,337,338,339,
341,342,343,344,345,346,347,348,355,356,357,358,359,360,361,362,363,364,365,372,373,374,376,
377,378,379,380,381,382,383,384,385,386,387,389,390,391,392,393,394,395,396,397,398,399,401,
404,406,407,408,409,419,420,421,422,423,424,425,426,427,428,429,430,431,432,433,434,435,436,
437,438,439,440,441,443,444,445,446,447,449,450,451,457,458,459,460,461,462,464,465,467,468,
469,471,472,473,474,475,476,477,478,480,481,482,483,484,485,486,487,488,489,490,491,492,493,
494,495,496,497,499,500,501,503,508,509,510,511,512,513,514,515,516,517,518,519,520,521,522,
523,524,525,526,527,528,529,543,544,545,546,547,548,549,550,551,552,553,554,555,562,563,565,
566,572,573,574,575,576,583,584,585,586,595,596,597,598,599,600,601,602,603,604,606,607,608,
609,614,620,622,623,625,626,627,628,629,630,631,632,633,636,640,641,642,643,644,645,646,647,
651,655,656,657,658,659,667,670,692,698,701,702,703,704,718,720,726,727,728,729,730,731,732,
733,734,735,736,737,738,739,740,745,751,762,767,768,769,770,771,772,773,774,775,778,779,788,
789,790,791,792,793,794,795,796,797,798,806,807,808,809,810,811,812,813,814,815,816,817,818,
819,820,821,822,823,824,825,826,827,835,836,837,838,839,840,841,846,847,848,849,850,851,852,
853,854,855,856,857,858,859,860,876,878,879,880,881,882,883,884,885,886,887,910,912,914,915,
916,917,923,929,930,931,932,933,934,935,936,937,938,940,941,942,943,944,945,947,948,949,950,
951,952,953,954,955,956,957,958,959,960,961,962,963,964,965,966,967,968,969,970,971,972,973,
974,975,976,977,978,979,980,981,983,990,991,992,993,994,995,996,997,999,1000,1001,1002,1003,
1004,1005,1006,1007,1008,1010,1011,1018,1026,1027,1028,1029,1030,1031,1032,1038,1039,1041,
1042,1043,1044,1045,1046,1047,1048,1049,1050,1051,1052,1053,1054,1055,1056,1057,1058,1059,
1060,1061,1062,1063,1064,1067,1068,1069,1070,1071,1072,1073,1074,1075,1076,1077,1078,1082,
1085,1086,1087,1088,1089,1090,1091,1092,1093,1095,1096,1097,1098,1099,1100,1108,1109,1110,
1111,1112,1113,1114,1115,1116,1117,1118,1119,1120,1121,1122,1123,1124,1125,1127,1133,1134,
1144,1145,1146,1147,1148,1149,1150,1151,1152,1154,1155,1156,1157,1158,1159,1160,1162,1164,
1165,1166,1176,1183,1185,1186,1187,1188,1189,1190,1191,1192,1196,1217,1220,1231,1233,1234,
1235,1236,1237,1244,1245,1246,1247,1248,1249,1250,1251,1252,1253,1254,1255,1256,1257,1258,
1259,1260,1261,1262,1263,1264,1267,1280,1281,1285,1286,1287,1288,1289,1290,1291,1292,1293,
1315,1316,1317,1318,1319,1320,1321,1322,1323,1324,1325,1340,1341,1342,1343,1344,1345,1346,
1347,1349,1350,1351,1352,1353,1355,1356,1357,1358,1359,1360,1361,1369,1370,1371,1372,1373,
1374,1389,1390,1391,1392,1393,1394,1395,1400,1401,1402,1403,1404,1405,1406,1407,1408,1409,
1410,1411,1412,1413,1414,1415,1416,1417,1418,1419,1420,1438,1439,1440,1441,1442,1443,1444,
1450,1451,1453,1454,1456,1457,1458,1459,1460,1461,1466,1467,1468,1469,1470,1471,1472,1473,
1474,1475,1476,1477,1478,1479,1480,1481,1482,1483,1484,1485,1486,1487,1488,1489,1490,1491,
1507,1508,1509,1510,1511,1512,1513,1514,1515,1516,1517,1524,1527,1532,1533,1534,1535,1536,
1537,1538,1539,1540,1541,1554,1555,1556,1557,1559,1560,1567,1568,1569,1570,1571,1572,1573,
1574,1575,1576,1577,1578,1579,1580,1581,1582,1583,1584,1585,1586,1587,1588,1589,1590,1591,
1606,1609,1611,1612,1613,1614,1615,1616,1617,1621,1622,1623,1626,1633,1634,1635,1636,1644,
1645,1646,1653,1654,1655,1656,1657,1658,1667,1668,1669,1671,1672,1673,1674,1675,1681,1682,
1683,1684,1686,1688,1689,1690,1691,1692,1695,1696,1697,1698,1699,1701,1702,1703,1704,1705,
1706,1707,1708,1709,1710,1711,1712,1713,1714,1715,1716,1720,1721,1722,1723,1724,1727,1728,
1730,1731,1732,1733,1734,1735,1736,1737,1738,1743,1745,1746,1747,1748,1759,1764,1765,1766,
1767,1768,1769,1770,1771,1772,1773,1774,1776,1779,1780,1781,1782,1783,1784,1785,1786,1787,
1793,1794,1795,1796,1797,1798,1799,1800,1801,1802,1803,1804,1805,1806,1807,1808,1818,1821,
1822,1823,1824,1825,1833,1834,1835,1836,1837,1838,1839,1840,1841,1842,1843,1844,1845,1846,
1847,1848,1849,1850,1851,1852,1853,1854,1855,1856,1857,1858,1859,1860,1862,1863,1864,1865,
1866,1867,1868,1869,1870,1871,1872,1873,1874,1875,1876,1877,1879,1919,1932,1937,1939,1941,
1942,1943,1944,1945,1946,1947,1948,1949,1950,1951,1956,1957,1967,1968,1969,1970,1971,1972,
1973,1987,1990,1991,1992,1993,1994,1995,1996,1997,1998,1999,2001,2013,2014,2015,2016,2017,
2018,2019,2020,2021,2022,2023,2024,2025,2026,2027,2028,2029,2030,2031,2032,2033,2034,2035,
2036,2037,2038,2039,2042,2045,2048,2049,2050,2051,2052,2053,2054,2055,2056,2057,2058,2059,
2060,2061,2062,2063,2064,2065,2066,2067,2068,2069,2070,2071,2072,2073,2074,2075,2076,2077,
2078,2087,2088,2106,2119,2120,2121,2122,2123,2128,2144,2145,2146,2147,2148,2149,2150,2151,
2152,2163,2172,2173,2174,2175,2176,2177,2178,2179,2180,2181,2182,2192,2200,2201,2202,2203,
2204,2205,2206,2207,2208,2209,2210,2211,2212,2217,2218,2219,2220,2221,2222,2223,2225,2227,
2228,2230,2231,2247,2248,2249,2250,2251,2252,2253,2254,2255,2256,2257,2258,2259,2260,2261,
2263,2264,2265,2266,2267,2268,2269,2275,2276,2277,2278,2279,2280,2281,2282,2283,2284,2285,
2286,2287,2288,2289,2290,2291,2292,2293,2294,2295,2296,2297,2298,2299,2300,2317,2318,2319,
2320,2322,2323,2324,2334,2339,2340,2341,2342,2344,2346,2347,2348,2349,2352,2354,2355,2356,
2357,2358,2359,2360,2361,2362,2363,2364,2365,2366,2367,2404,2405,2407,2408,2409,2415,2417,
2444,2445,2446,2447,2448,2449,2450,2462,2466,2467,2468,2469,2470,2471,2472,2474,2482,2483,
2484,2485,2487,2488,2489,2490,2491,2493,2494,2511,2519,2530,2532,2534,2538,2546,2547,2548,
2549,2550,2551,2552,2553,2554,2556,2557,2558,2559,2560,2562,2563,2566,2580,2587,2589,2590,
2593,2596,2597,2599,2600,2601,2602,2613,2629,2630,2634,2639,2642,2649,2653,2654,2655,2656,
2657,2669,2672,2673,2675,2676,2677,2678,2679,2681,2682,2692,2699,2711,2718,2719,2721,2722,
2723,2731,2732,2743,2750,2751,2754,2755,2756,2758,2759,2760,2761,2762,2767,2768,2769,2772,
2773,2774,2775,2776,2779,2781,2783,2786,2787,2788,2789,2790,2791,2792,2793,2794,2795,2796,
2798,2800,2804,2812,2819,2821,2824,2826,2827,2828,2830,2831,2832,2834,2835,2841,2844,2860,
2862,2875,2881,2883,2884,2886,2887,2889,2890,2896,2906,2907,2909,2915,2916,2921,2922,2923,
2925,2927,2932,2935,2950,2952,2953,2955,2956,2957,2958,2959,2960,2968,2973,2974,2976,2979,
2980,2985,2989,2990,2994,2995,2996,2997,2999,3000,3003,3004,3018,3020,3024,3025,3030,3034,
3035,3037,3038,3040,3041,3042,3043,3059,3060,3062,3063,3065,3068,3070,3071,3072,3073,3074,
3077,3092,3093,3094,3095,3096,3097,3099,3100,3101,3102,3103,3105,3106,3107,3108,3113,3114,
3117,3118,3119,3120,3121,3122,3123,3128,3129,3130,3131,3133,3137,3139,3140,3141,3142,3143,
3144,3145,3146,3148,3160,3167,3170,3179,3184,3186,3190,3192,3193,3195,3196,3197,3198,3199,
3200,3201,3202,3203,3208,3210,3211,3213,3232,3237,3240,3242,3243,3244,3245,3246,3247,3248,
3249,3250,3252,3253,3254,3255,3256,3258,3259,3260,3262,3272,3283,3285,3286,3288,3289,3291,
3293,3295,3298,3302,3305,3306,3307,3309,3310,3313,3317,3320,3322,3324,3331,3332,3333,3334,
3335,3342,3347,3348,3349,3355,3356,3357,3358,3359,3360,3361,3363,3365,3368,3369,3370,3372,
3373,3377,3380,3381,3382,3386,3387,3388,3389,3390,3391,3393,3395,3398,3399,3415,3416,3417,
3418,3419,3436,3446,3448,3449,3453,3457,3461,3462,3463,3464,3465,3466,3467,3469,3473,3475,
3480,3489,3491,3493,3494,3498,3499,3503,3506,3507,3508,3509,3511,3513,3515,3524,3527,3528,
3529,3530,3532,3533,3535,3537,3538,3539,3542,3544,3545,3546,3547,3550,3552,3556,3560,3564,
3567,3568,3572,3573,3574,3575,3577,3578,3579,3580,3581,3582,3583,3584,3585,3586,3587,3588,
3589,3590,3591,3592,3593,3594,3595,3596,3597,3598,3599,3600,3601,3602,3603,3604,3605,3608,
3612,3615,3617,3620,3621,3622,3625,3626,3627,3628,3629,3630,3631,3632,3633,3634,3635,3636,
3637,3638,3639,3640,3641,3648,3649,3650,3651,3652,3653,3654,3655,3656,3658,3659,3660,3661,
3662,3663,3667,3671,3676,3680,3682,3683,3684,3685,3686,3687,3688,3689,3690,3691,3692,3693,
3694,3695,3697,3698,3699,3700,3701,3702,3703,3704,3705,3706,3708,3709,3710,3711,3712,3713,
3714,3715,3716,3717,3719,3722,3724,3725,3728,3730,3731,3732,3733,3734,3735,3738,3739,3744,
3746,3747,3751,3752,3755,3756,3757,3758,3764,3766,3771,3772,3774,3786,3788,3791,3793,3794,
3795,3796,3800,3804,3805,3809,3810,3811,3813,3815,3817,3819,3821,3825,3834,3835,3838,3839,
3840,3842,3845,3849,3850,3851,3855,3856,3859,3860,3861,3864,3865,3866,3871,3872,3873,3874,
3878,3879,3883,3884,3885,3889,3890,3894,3897,3899,3900,3906,3907,3908,3910,3911,3912,3913,
3914,3915,3917,3920,3921,3926,3927,3928,3929,3930,3931,3932,3933,3935,3936,3938,3939,3946,
3948,3949,3950,3952,3963,3964,3965,3966,3967,3968,3970,3971,3972,3976,3977,3978,3980,3983,
3984,3985,3987,3988,3990,3996,3998,4001,4003,4004,4005,4007,4008,4009,4012,4014,4015,4016,
4018,4019,4020,4021,4024,4025,4028,4029,4033,4035,4039,4044,4045,4046,4048,4049,4051,4052,
4054,4055,4056,4060,4061,4063,4064,4066,4067,4068,4069,4071,4072,4073,4074,4078,4079,4082,
4094,4097,4103,4104,4105,4109,4110,4112,4122,4123,4128,4129,4131,4133,4134,4135,4136,4137,
4138,4139,4140,4141,4142,4143,4144,4145,4146,4147,4148,4151,4152,4153,4156,4157,4158,4159,
4160,4161,4162,4163,4164,4166,4167,4168,4169,4170,4171,4173,4174,4176,4177,4178,4180,4181,
4182,4183,4184,4185,4186,4187,4188,4189,4190,4191,4192,4193,4195,4196,4197,4198,4199,4200,
4201,4203,4204,4205,4206,4207,4208,4209,4211,4212,4214,4223,4224,4225,4226,4228,4229,4230,
4231,4232,4236,4238,4242,4243,4244,4245,4246,4247,4248,4255,4258,4260,4266,4267,4276,4277,
4278,4279,4281,4283,4284,4285,4286,4287,4288,4289,4290,4291,4292,4293,4294,4295,4297,4298,
4299,4300,4301,4302,4303,4305,4313,4316,4320,4321,4322,4325,4329,4330,4331,4333,4336,4337,
4339,4341,4342,4343,4345,4347,4348,4350,4351,4352,4353,4355,4356,4358,4359,4362,4363,4365,
4366,4367,4368,4369,4370,4371,4372,4373,4374,4375,4376,4377,4378,4379,4381,4384,4386,4389,
4392,4393,4394,4395,4396,4397,4398,4399,4400,4401,4402,4403,4404,4405,4406,4407,4408,4409,
4410,4411,4412,4414,4415,4416,4417,4418,4419,4423,4424,4426,4429,4431,4432,4433,4436,4437,
4440,4441,4442,4443,4444,4445,4449,4450,4451,4452,4453,4455,4457,4464,4470,4471,4473,4474,
4475,4477,4478,4479,4480,4481,4484,4485,4486,4487,4492,4493,4494,4505,4510,4511,4513,4514,
4519,4525,4527,4529,4531,4532,4534,4535,4536,4542,4544,4545,4547,4548,4549,4550,4552,4553,
4554,4555,4556,4557,4559,4560,4561,4562,4563,4564,4565,4566,4567,4568,4570,4571,4572,4573,
4574,4575,4577,4578,4579,4580,4581,4582,4584,4585,4586,4587,4588,4595,4596,4599,4600,4601,
4603,4605,4608,4609,4610,4613,4614,4615,4616,4618,4620,4622,4623,4625,4626,4628,4631,4632,
4633,4636,4637,4638,4639,4640,4641,4642,4643,4644,4645,4646,4647,4648,4649,4650,4651,4652,
4653,4654,4655,4656,4657,4658,4659,4660,4661,4662,4663,4664,4665,4667,4668,4670,4671,4672,
4673,4674,4675,4676,4678,4679,4680,4681,4682,4683,4688,4691,4695,4696,4697,4698,4699,4700,
4704,4707,4711,4712,4713,4714,4718,4719,4721,4722,4723,4724,4725,4731,4736,4748,4750,4751,
4753,4754,4755,4756,4757,4758,4759,4760,4761,4763,4764,4765,4766,4767,4771,4773,4774,4775,
4776,4777,4780,4781,4782,4784,4786,4788,4789,4790,4791,4792,4793,4794,4795,4796,4798,4799,
4801,4802,4804,4816,4822,4823,4828,4831,4834,4835,4837,4838,4839,4840,4841,4842,4843,4844,
4845,4846,4847,4848,4849,4850,4851,4852,4853,4854,4855,4856,4857,4858,4860,4879,4880,4885,
4886,4887,4889,4890,4891,4895,4899,4900,4901,4902,4903,4904,4906,4908,4910,4912,4914,4915,
4917,4918,4920,4921,4923,4924,4925,4926,4927,4928,4929,4930,4931,4933,4935,4938,4939,4940,
4942,4943,4944,4951,4953,4958,4962,4963,4964,4967,4968,4970,4973,4975,4976,4977,4978,4979,
4980,4982,4984,4985,4986,4988,4989,4990,4991,4992,4993,4994,4995,4996,4997,4998,4999,5000,
5001,5002,5003,5004,5005,5006,5007,5008,5009,5010,5012,5014,5015,5016,5032,5039,5043,5046,
5047,5050,5052,5053,5054,5055,5056,5057,5061,5062,5063,5067,5068,5070,5073,5074,5075,5076,
5077,5078,5079,5080,5081,5082,5085,5087,5088,5089,5093,5099,5101,5105,5108,5109,5110,5111,
5112,5113,5114,5116,5118,5119,5120,5122,5125,5127,5131,5132,5133,5135,5136,5141,5143,5149,
5154,5155,5156,5161,5164,5165,5167,5168,5171,5172,5173,5174,5175,5176,5177,5178,5180,5181,
5182,5183,5184,5185,5187,5188,5189,5191,5193,5194,5195,5219,5220,5227,5228,5232,5236,5237,
5238,5242,5243,5244,5245,5246,5247,5248,5249,5250,5251,5252,5253,5254,5255,5256,5257,5258,
5259,5262,5263,5266,5267,5268,5270,5271,5272,5274,5278,5280,5281,5285,5286,5287,5288,5289,
5290,5291,5292,5293,5294,5295,5296,5297,5298,5299,5305,5315,5325,5329,5336,5337,5341,5344,
5346,5348,5349,5350,5352,5353,5373,5374,5377,5378,5379,5384,5385,5389,5390,5391,5392,5393,
5412,5428,5429,5430,5431,5432,5433,5436,5437,5438,5439,5452,5453,5454,5456,5457,5458,5459,
5463,5464,5466,5468,5469,5473,5474,5475,5477,5478,5479,5480,5481,5482,5483,5485,5487,5488,
5489,5490,5491,5493,5494,5495,5496,5497,5498,5499,5500,5504,5505,5510,5513,5514,5516,5517,
5518,5519,5520,5521,5522,5523,5526,5527,5528,5530,5531,5532,5533,5534,5535,5536,5537,5538,
5539,5541,5542,5544,5545,5546,5547,5548,5549,5550,5551,5552,5554,5555,5557,5558,5559,5560,
5561,5563,5564,5565,5569,5571,5573,5574,5576,5578,5582,5594,5596,5599,5602,5603,5604,5606,
5609,5610,5611,5613,5614,5615,5616,5617,5619,5621,5623,5626,5627,5631,5633,5636,5639,5640,
5643,5645,5651,5652,5653,5654,5679,5690,5692,5693,5694,5695,5696,5697,5698,5699,5700,5702,
5707,5708,5709,5719,5720,5721,5722,5727,5730,5731,5732,5734,5736,5740,5741,5742,5757,5761,
5777,5778,5779,5810,5819,5820,5821,5823,5824,5825,5826,5852,5857,5858,5863,5864,5866,5867,
5868,5871,5872,5873,5874,5875,5876,5877,5878,5880,5881,5882,5883,5884,5885,5886,5887,5888,
5889,5890,5891,5892,5893,5894,5895,5896,5897,5898,5901,5904,5905,5906,5909,5911,5912,5913,
5914,5916,5918,5919,5922,5923,5926,5927,5928,5929,5930,5931,5932,5933,5934,5935,5936,5937,
5938,5939,5940,5946,5974,5975,5976,5977,5979,5980,5981,6010,6011,6012,6013,6014,6015,6028,
6031,6034,6038,6039,6042,6047,6051,6056,6057,6059,6060,6061,6062,6063,6064,6065,6066,6067,
6068,6069,6070,6072,6073,6074,6076,6077,6088,6091,6092,6106,6107,6108,6109,6111,6113,6115,
6118,6119,6122,6124,6125,6126,6127,6128,6129,6131,6132,6133,6134,6135,6136,6137,6138,6139,
6145,6151,6155,6156,6157,6158,6159,6160,6161,6162,6164,6165,6166,6168,6169,6170,6174,6175,
6176,6177,6178,6179,6180,6181,6182,6183,6184,6185,6186,6187,6193,6196,6197,6198,6202,6209,
6210,6211,6213,6219,6223,6224,6225,6226,6227,6228,6229,6230,6231,6232,6233,6235,6236,6237,
6238,6239,6240,6241,6242,6243,6245,6246,6247,6248,6251,6252,6254,6255,6259,6261,6262,6263,
6264,6265,6267,6268,6269,6270,6271,6272,6274,6275,6276,6277,6278,6279,6280,6281,6283,6287,
6289,6292,6293,6295,6297,6298,6299,6301,6302,6303,6305,6308,6309,6310,6314,6315,6318,6319,
6320,6321,6323,6324,6325,6326,6327,6331,6333,6334,6336,6337,6338,6339,6340,6341,6343,6344,
6345,6346,6347,6351,6352,6356,6359,6360,6363,6364,6365,6391,6392,6396,6399,6400,6401,6408,
6409,6431,6433,6434,6435,6436,6439,6441,6442,6443,6444,6445,6446,6447,6448,6455,6456,6457,
6458,6460,6461,6462,6463,6464,6466,6468,6498,6499,6501,6502,6503,6504,6505,6506,6507,6508,
6509,6510,6512,6533,6534,6537,6539,6540,6542,6543,6546,6547,6548,6549,6550,6552,6553,6554,
6555,6556,6557,6558,6559,6560,6561,6562,6563,6564,6585,6589,6593,6594,6595,6596,6597,6598,
6601,6602,6603,6605,6606,6607,6608,6609,6610,6611,6612,6613,6617,6622,6623,6624,6625,6626,
6632,6633,6635,6636,6639,6653,6657,6659,6660,6662,6673,6674,6678,6681,6682,6686,6687,6688,
6689,6690,6691,6692,6693,6694,6695,6696,6697,6698,6699,6700,6701,6702,6703,6704,6705,6709,
6712,6716,6720,6752,6753,6755,6756,6757,6761,6762,6763,6764,6765,6766,6767,6769,6770,6771,
6772,6773,6774,6775,6776,6777,6781,6782,6787,6790,6791,6792,6793,6796,6798,6799,6800,6803,
6804,6807,6808,6809,6810,6811,6812,6814,6815,6816,6817,6818,6819,6820,6821,6822,6824,6825,
6826,6828,6829,6830,6831,6832,6833,6835,6838,6839,6841,6842,6843,6844,6845,6847,6848,6849,
6850,6853,6854,6855,6856,6857,6858,6860,6862,6866,6868,6871,6873,6874,6875,6876,6877,6878,
6879,6880,6881,6882,6884,6886,6887,6888,6889,6903,6904,6905,6906,6907,6908,6909,6910,6911,
6914,6920,6922,6926,6933,6934,6935,6936,6937,6938,6939,6940,6941,6943,6944,6945,6946,6947,
6948,6949,6950,6951,6952,6953,6954,6955,6956,6957,6958,6959,6960,6961,6962,6964,6965,6966,
6967,6968,6986,6987,6988,6989,6990,6991,6993,6994,6995,6996,6997,7000,7009,7031,7037,7039,
7042,7043,7047,7051,7054,7057,7058,7059,7060,7061,7062,7063,7064,7065,7066,7067,7068,7069,
7070,7071,7072,7073,7074,7075,7076,7077,7078,7079,7080,7081,7082,7083,7084,7085,7086,7087,
7089,7090,7091,7092,7093,7094,7095,7096,7097,7098,7099,7100,7101,7103,7104,7105,7106,7107,
7108,7109,7110,7111,7112,7115,7116,7117,7132,7133,7134,7135,7136,7137,7138,7139,7140,7141,
7142,7143,7144,7145,7146,7147,7148,7150,7151,7152,7153,7154,7155,7156,7158,7159,7161,7162,
7165,7167,7168,7175,7176,7179,7182,7185,7186,7187,7188,7189,7190,7191,7192,7193,7194,7195,
7196,7197,7198,7200,7203,7205,7206,7209,7210,7211,7212,7213,7216,7217,7218,7220,7221,7223,
7224,7230,7238,7243,7244,7264,7265,7276,7277,7278,7279,7280,7281,7282,7283,7285,7286,7287,
7288,7289,7290,7291,7292,7293,7294,7295,7296,7297,7298,7299,7300,7301,7302,7303,7304,7306,
7307,7308,7310,7312,7314,7317,7318,7320,7321,7322,7323,7324,7325,7326,7327,7328,7331,7332,
7333,7334,7335,7339,7340,7341,7342,7345,7346,7348,7349,7350,7351,7352,7353,7354,7355,7356,
7357,7358,7359,7360,7361,7362,7363,7364,7367,7369,7370,7372,7374,7375,7377,7378,7381,7382,
7384,7388,7389,7390,7391,7392,7395,7396,7404,7405,7411,7414,7415,7416,7417,7418,7420,7425,
7428,7431,7435,7436,7437,7438,7439,7440,7441,7442,7443,7444,7445,7446,7447,7448,7449,7450,
7451,7452,7453,7454,7455,7462,7465,7468,7469,7470,7471,7472,7473,7487,7488,7490,7494,7498,
7501,7502,7503,7505,7506,7507,7508,7509,7511,7514,7516,7517,7519,7522,7523,7524,7525,7526,
7527,7530,7535,7536,7538,7540,7546,7556,7557,7560,7561,7569,7574,7575,7576,7577,7578,7582,
7583,7584,7585,7586,7587,7588,7589,7590,7591,7594,7595,7598,7599,7600,7601,7602,7603,7604,
7605,7607,7608,7609,7610,7611,7612,7613,7614,7615,7616,7617,7618,7619,7620,7621,7622,7623,
7627,7629,7632,7633,7634,7635,7636,7640,7641,7642,7643,7644,7645,7647,7648,7652,7653,7654,
7655,7656,7657,7658,7659,7660,7662,7663,7664,7665,7666,7668,7670,7671,7672,7697,7698,7699,
7700,7701,7702,7705,7706,7714,7715,7716,7717,7718,7719,7721,7722,7723,7726,7727,7728,7730,
7731,7732,7733,7734,7737,7738,7739,7740,7754,7755,7758,7759,7760,7762,7763,7769,7774,7775,
7777,7778,7779,7780,7781,7783,7784,7785,7786,7788,7789,7793,7794,7795,7799,7800,7801,7809,
7810,7811,7812,7813,7814,7815,7816,7817,7818,7819,7820,7821,7822,7823,7824,7825,7826,7827,
7828,7829,7830,7832,7833,7834,7835,7836,7837,7838,7840,7844,7848,7849,7885,7888,7889,7890,
7893,7894,7895,7896,7897,7898,7899,7900,7901,7902,7906,7907,7908,7909,7910,7911,7913,7914,
7917,7928,7929,7931,7933,7936,7937,7940,7942,7943,7944,7945,7947,7948,7950,7951,7954,7955,
7958,7959,7960,7962,7963,7964,7965,7970,7972,7975,7976,7978,7979,7981,7982,7986,7987,7995,
7997,8002,8003,8005,8008,8009,8010,8011,8014,8015,8018,8023,8028,8029,8030,8031,8032,8033,
8034,8035,8037,8041,8042,8043,8046,8053,8055,8058,8060,8062,8063,8066,8068,8070,8074,8075,
8078,8079,8080,8081,8082,8083,8084,8085,8086,8087,8088,8089,8090,8095,8096,8097,8098,8099,
8114,8120,8121,8122,8126,8127,8128,8129,8147,8150,8152,8153,8155,8162,8165,8166,8167,8169,
8170,8173,8174,8175,8176,8177,8178,8179,8181,8184,8186,8191,8192,8195,8199,8200,8201,8203,
8204,8205,8206,8207,8208,8212,8213,8214,8216,8218,8219,8220,8221,8222,8223,8224,8225,8226,
8229,8230,8231,8232,8233,8234,8235,8236,8238,8239,8243,8244,8245,8246,8247,8248,8249,8250,
8251,8252,8253,8254,8255,8256,8257,8258,8261,8267,8269,8272,8275,8276,8279,8281,8282,8283,
8284,8286,8288,8293,8294,8295,8296,8297,8298,8299,8307,8308,8311,8316,8317,8318,8321,8322,
8325,8326,8328,8334,8335,8336,8337,8339,8340,8341,8342,8343,8344,8345,8346,8351,8352,8353,
8354,8361,8362,8364,8365,8367,8368,8369,8370,8391,8392,8393,8394,8396,8405,8407,8409,8412,
8413,8414,8417,8422,8423,8424,8425,8426,8427,8428,8430,8431,8433,8436,8438,8457,8459,8460,
8461,8465,8467,8473,8489,8490,8491,8492,8493,8494,8495,8501,8502,8506,8507,8508,8510,8511,
8512,8513,8514,8515,8516,8517,8518,8519,8521,8522,8523,8524,8525,8526,8527,8529,8530,8531,
8532,8533,8534,8535,8542,8543,8545,8561,8562,8563,8565,8568,8569,8585,8595,8597,8598,8600,
8601,8602,8603,8604,8605,8612,8613,8614,8615,8616,8617,8618,8619,8620,8621,8622,8623,8624,
8625,8626,8627,8628,8629,8630,8631,8633,8634,8635,8639,8642,8644,8645,8646,8647,8648,8653,
8654,8662,8665,8667,8668,8679,8696,8697,8718,8719,8722,8723,8725,8726,8727,8728,8729,8732,
8733,8734,8736,8739,8741,8743,8744,8746,8747,8748,8749,8750,8751,8752,8753,8754,8755,8756,
8757,8758,8759,8760,8761,8767,8773,8782,8789,8790,8799,8803,8805,8806,8807,8808,8809,8810,
8811,8814,8829,8832,8834,8838,8839,8840,8842,8843,8844,8846,8854,8859,8860,8861,8862,8863,
8864,8865,8866,8870,8871,8880,8888,8894,8895,8896,8897,8898,8900,8901,8902,8903,8904,8927,
8928,8929,8930,8933,8941,8942,8943,8944,8945,8946,8947,8961,8962,8965,8974,8987,8988,8989,
8991,8992,8993,8994,8995,8996,8999,9000,9001,9007,9010,9022,9025,9026,9028,9029,9030,9031,
9033,9034,9036,9038,9039,9041,9045,9046,9048,9050,9054,9055,9057,9070,9071,9072,9073,9074,
9075,9076,9077,9078,9079,9080,9081,9082,9083,9084,9085,9086,9093,9110,9114,9119,9124,9125,
9128,9129,9130,9131,9132,9134,9135,9136,9137,9138,9140,9141,9142,9144,9145,9146,9148,9150,
9151,9154,9156,9157,9158,9160,9162,9165,9166,9168,9171,9173,9174,9175,9176,9177,9178,9210,
9236,9237,9239,9241,9246,9247,9248,9249,9251,9253,9257,9258,9262,9263,9268,9269,9270,9318,
9319,9320,9321,9322,9324,9326,9327,9329,9330,9331,9332,9335,9336,9337,9339,9340,9341,9343,
9344,9345,9351,9352,9353,9354,9355,9357,9359,9360,9375,9402,9405,9406,9423,9424,9425,9427,
9431,9471,9473,9486,9489,9490,9491,9494,9501,9503,9527,9528,9529,9531,9533,9536,9558,9559,
9560,9561,9562,9574,9582,9585,9586,9587,9588,9589,9591,9594,9595,9596,9597,9598,9599,9600,
9601,9602,9603,9604,9605,9606,9607,9608,9609,9610,9611,9613,9616,9620,9626,9629,9630,9631,
9635,9652,9658,9673,9682,9683,9687,9688,9689,9691,9700,9701,9705,9706,9707,9708,9709,9741,
9742,9743,9745,9747,9751,9753,9754,9755,9756,9757,9758,9759,9760,9762,9763,9764,9765,9767,
9779,9795,9796,9797,9799,9800,9803,9804,9806,9807,9813,9832,9835,9840,9841,9843,9844,9848,
9849,9853,9854,9855,9858,9859,9860,9865,9866,9867,9871,9872,9873,9874,9875,9877,9882,9884,
9889,9890,9891,9893,9894,9895,9896,9897,9898,9899,9900,9901,9902,9903,9904,9905,9906,9907,
9908,9912,9914,9915,9916,9921,9929,9930,9931,9933,9940,9941,9943,9944,9946,9947,9948,9949,
9950,9951,9952,9954,9956,9957,9962,9963,9966,9967,9968,9969,9970,9972,9973,9981,9982,9984,
9986,9987,9988,9992,9994,9998,9999,10000,10001,10002,10011,10014,10016,10019,10020,10021,10023,
10024,10025,10026,10027,10028,10029,10030,10031,10032,10034,10040,10041,10044,10045,10048,
10050,10051,10052,10056,10057,10059,10060,10063,10066,10067,10068,10071,10096,10097,10098,
10101,10117,10118,10119,10125,10126,10127,10133,10136,10140,10141,10143,10144,10145,10151,
10152,10153,10161,10163,10164,10165,10166,10167,10168,10169,10172,10173,10176,10177,10178,
10180,10181,10210,10218,10219,10220,10221,10222,10223,10226,10228,10229,10247,10267,10270,
10271,10272,10276,10277,10278,10280,10281,10282,10290,10292,10294,10296,10308,10309,10310,
10323,10324,10325,10326,10331,10332,10333,10334,10335,10336,10337,10338,10339,10348,10357,
10367,10368,10369,10372,10373,10375,10376,10378,10379,10380,10382,10384,10386,10388,10389,
10390,10395,10396,10397,10398,10399,10400,10401,10402,10403,10405,10410,10412,10413,10414,
10419,10420,10421,10422,10423,10425,10426,10433,10434,10435,10437,10438,10440,10441,10448,
10454,10476,10477,10478,10481,10482,10483,10486,10489,10490,10491,10498,10499,10503,10504,
10505,10506,10507,10511,10514,10515,10519,10523,10524,10528,10531,10533,10534,10535,10536,
10537,10540,10541,10542,10543,10544,10578,10579,10580,10583,10614,10630,10632,10634,10636,
10637,10638,10643,10649,10651,10655,10656,10657,10658,10665,10666,10667,10668,10669,10672,
10679,10680,10682,10683,10685,10689,10700,10707,10709,10714,10715,10716,10718,10719,10720,
10721,10722,10723,10725,10726,10727,10728,10729,10730,10731,10732,10736,10745,10748,10749,
10750,10751,10752,10753,10754,10755,10756,10757,10758,10759,10760,10761,10762,10763,10764,
10765,10766,10767,10768,10770,10772,10777,10779,10781,10783,10784,10786,10788,10789,10790,
10791,10792,10793,10794,10795,10796,10797,10798,10799,10804,10805,10806,10807,10809,10810,
10816,10818,10824,10830,10836,10842,10843,10844,10845,10846,10847,10848,10849,10850,10851,
10852,10857,10859,10860,10862,10863,10864,10866,10867,10868,10869,10870,10871,10872,10873,
10878,10879,10880,10883,10885,10886,10888,10889,10891,10893,10894,10895,10896,10900,10901,
10909,10911,10915,10916,10917,10918,10919,10920,10924,10925,10926,10930,10932,10933,10934,
10935,10936,10937,10938,10939,10944,10946,10947,10954,10955,10956,10957,10958,10964,10965,
10988,10990,10992,11009,11010,11014,11016,11017,11018,11027,11077,11083,11084,11087,11088,
11089,11093,11096,11098,11100,11141,11150,11151,11152,11156,11159,11162,11168,11169,11171,
11172,11175,11176,11212,11214,11217,11224,11226,11229,11230,11236,11237,11239,11243,11247,
11253,11256,11257,11263,11267,11313,11314,11318,11319,11320,11322,11324,11325,11327,11330,
11334,11337,11339,11340,11341,11342,11343,11344,11345,11346,11347,11348,11350,11351,11352,
11353,11354,11355,11356,11362,11364,11365,11366,11371,11372,11373,11377,11378,11379,11385,
11387,11409,11410,11411,11414,11421,11423,11424,11429,11430,11432,11433,11442,11443,11445,
11446,11447,11449,11459,11461,11462,11468,11476,11477,11479,11480,11481,11483,11485,11486,
11487,11502,11510,11525,11542,11553,11573,11574,11576,11577,11578,11579,11580,11581,11582,
11584,11588,11589,11591,11592,11593,11595,11597,11598,11599,11601,11602,11603,11604,11606,
11608,11625,11626,11628,11629,11651,11656,11657,11659,11662,11665,11675,11683,11685,11687,
11711,11715,11719,11720,11724,11728,11730,11731,11732,11733,11734,11737,11781,11782,11785,
11788,11791,11792,11793,11795,11799,11801,11802,11804,11805,11816,11825,11826,11830,11831,
11832,11880,11881,11884,11885,11888,11889,11893,11894,11895,11902,11904,11937,11943,11945,
11947,11949,11951,11952,11953,11983,12029,12033,12037,12039,12095,12097,12118,12144,12149,
12150,12163,12165,12177,12178,12181,12182,12183,12192,12193,12197,12198,12199,12200,12218,
12219,12220,12229,12230,12231,12243,12244,12252,12256,12270,12271,12275,12281,12283,12284,
12286,12298,12299,12304,12307,12310,12314,12315,12316,12317,12320,12321,12325,12326,12333,
12340,12360,12369,12372,12375,12377,12378,12381,12387,12393,12396,12407,12409,12410,12411,
12412,12413,12418,12420,12421,12426,12428,12433,12436,12438,12441,12447,12452,12460,12472,
12495,12516,12517,12518,12520,12521,12529,12534,12535,12539,12540,12541,12543,12545,12546,
12547,12550,12581,12582,12588,12590,12592,12594,12595,12596,12597,12600,12616,12627,12628,
12629,12630,12637,12640,12642,12661,12666,12669,12670,12671,12672,12674,12677,12679,12682,
12702,12706,12707,12709,12710,12758,12762,12781,12782,12810,12813,12830,12832,12834,12838,
12863,12865,12866,12870,12874,12884,12886,12907,12911,12912,12913,12916,12917,12920,12922,
12923,12959,12985,12988,12990,12991,12994,12998,13009,13010,13032,13036,13072,13113,13115,
13116,13117,13138,13139,13140,13141,13142,13144,13145,13146,13150,13151,13154,13156,13157,
13164,13168,13176,13180,13195,13200,13225,13226,13227,13231,13237,13238,13239,13240,13244,
13245,13248,13251,13254,13255,13259,13263,13265,13268,13269,13272,13276,13277,13278,13279,
13292,13293,13335,13340,13342,13345,13354,13360,13364,13365,13369,13375,13376,13378,13382,
13395,13396,13408,13413,13415,13417,13419,13422,13423,13424,13425,13426,13427,13429,13433,
13434,13436,13437,13439,13443,13444,13447,13448,13449,13450,13451,13454,13455,13456,13458,
13459,13460,13461,13462,13463,13464,13465,13467,13468,13469,13471,13475,13476,13477,13489,
13491,13493,13494,13495,13496,13500,13501,13502,13503,13506,13510,13512,13517,13521,13524,
13529,13531,13532,13538,13541,13545,13546,13557,13558,13560,13562,13563,13564,13565,13568,
13569,13573,13575,13577,13595,13608,13667,13711,13714,13718,13721,13730,13732,13733,13734,
13736,13737,13742,13743,13745,13770,13775,13823,13824,13827,13828,13829,13833,13834,13913,
13915,13919,13931,13937,13938,13952,13953,13954,13955,13966,13967,13968,13970,13972,13973,
13978,13979,13984,13992,14011,14013,14014,14015,14016,14017,14019,14022,14023,14026,14027,
14028,14029,14031,14035,14044,14045,14046,14068,14093,14100,14102,14121,14148,14196,14202,
14210,14219,14229,14232,14265,14281,14282,14284,14287,14288,14291,14293,14294,14297,14298,
14299,14300,14304,14311,14312,14314,14319,14320,14323,14324,14325,14326,14331,14332,14350,
14370,14383,14384,14385,14389,14390,14391,14393,14405,14406,14407,14415,14416,14417,14420,
14422,14423,14424,14426,14427,14461,14513,14521,14522,14523,14528,14569,14570,14572,14594,
14595,14633,14680,14681,14687,14688,14689,14693,14695,14698,14705,14706,14708,14715,14734,
14739,14740,14741,14743,14750,14751,14754,14755,14759,14761,14762,14764,14769,14770,14774,
14792,14793,14794,14795,14796,14800,14801,14802,14808,14849,14851,14855,14860,14861,14863,
14865,14869,14871,14872,14876,14880,14881,14882,14884,14885,14886,14890,14894,14905,14906,
14908,14911,14912,14913,14922,14923,14925,14926,14928,14929,14930,14931,14932,14935,14936,
14937,14938,14939,14942,14943,14945,14946,14947,14948,14950,14951,14952,14953,14954,14955,
14956,14957,14960,14967,14970,14973,14974,14977,14979,14980,14981,14982,14984,14995,14996,
15002,15003,15004,15005,15006,15007,15008,15009,15011,15013,15014,15016,15018,15019,15021,
15022,15023,15024,15025,15026,15027,15029,15033,15037,15047,15049,15052,15056,15057,15062,
15080,15082,15095,15100,15101,15102,15105,15106,15107,15108,15125,15137,15138,15141,15148,
15149,15151,15153,15160,15162,15176,15179,15180,15181,15182,15183,15184,15185,15186,15188,
15189,15190,15192,15193,15195,15198,15199,15200,15208,15210,15214,15215,15216,15217,15218,
15221,15229,15252,15253,15255,15258,15259,15260,15262,15263,15264,15265,15266,15268,15269,
15270,15274,15279,15280,15281,15282,15283,15285,15292,15293,15314,15316,15324,15325,15327,
15333,15337,15339,15340,15341,15342,15343,15344,15345,15346,15347,15348,15349,15351,15352,
15353,15354,15355,15356,15357,15358,15359,15360,15361,15363,15365,15367,15370,15371,15372,
15373,15374,15378,15379,15382,15383,15384,15385,15386,15387,15388,15389,15390,15392,15393,
15394,15395,15396,15397,15398,15408,15409,15410,15411,15412,15413,15414,15415,15416,15417,
15418,15428,15429,15430,15431,15432,15433,15434,15435,15436,15437,15438,15439,15452,15453,
15454,15455,15456,15457,15458,15459,15460,15461,15462,15465,15468,15469,15470,15471,15472,
15474,15475,15476,15477,15478,15479,15480,15482,15501,15502,15503,15504,15505,15506,15507,
15514,15536,15537,15539,15545,15546,15553,15556,15559,15561,15562,15563,15564,15565,15566,
15567,15569,15570,15571,15572,15575,15576,15577,15579,15580,15581,15582,15583,15584,15585,
15596,15597,15601,15602,15603,15604,15605,15606,15607,15608,15609,15614,15615,15616,15617,
15618,15619,15620,15621,15622,15623,15624,15625,15647,15659,15660,15679,15680,15681,15682,
15683,15684,15685,15686,15687,15689,15691,15692,15693,15696,15697,15698,15699,15700,15701,
15702,15704,15705,15706,15707,15708,15709,15710,15711,15712,15713,15714,15715,15716,15717,
15735,15737,15738,15739,15740,15741,15742,15743,15744,15745,15746,15747,15748,15749,15750,
15751,15752,15753,15754,15755,15756,15757,15758,15759,15760,15761,15762,15765,15766,15767,
15775,15777,15778,15779,15780,15781,15782,15792,15793,15794,15795,15796,15797,15798,15799,
15800,15801,15802,15803,15804,15833,15836,15843,15844,15845,15846,15847,15848,15849,15850,
15856,15857,15859,15860,15861,15862,15863,15864,15865,15866,15867,15868,15869,15870,15872,
15873,15874,15875,15876,15877,15878,15879,15880,15881,15882,15883,15884,15885,15886,15887,
15888,15889,15890,15894,15895,15917,15918,15919,15943,15944,15945,15946,15947,15948,15949,
15950,15951,15952,15985,15986,15987,15990,15991,15992,16001,16002,16003,16004,16005,16045,
16046,16047,16048,16049,16050,16051,16052,16053,16100,16101,16102,16103,16104,16105,16107,
16108,16109,16110,16111,16112,16113,16114,16115,16116,16117,16118,16119,16144,16147,16148,
16149,16150,16152,16153,16154,16155,16156,16163,16164,16168,16171,16172,16173,16174,16175,
16177,16178,16184,16185,16186,16187,16188,16189,16190,16191,16192,16193,16195,16196,16197,
16198,16212,16213,16229,16230,16237,16239,16240,16241,16242,16243,16246,16247,16248,16249,
16250,16251,16252,16254,16255,16256,16257,16264,16265,16266,16267,16268,16269,16270,16271,
16272,16288,16291,16292,16293,16294,16295,16296,16297,16302,16304,16305,16306,16307,16308,
16309,16310,16311,16312,16313,16314,16315,16316,16317,16318,16319,16320,16321,16322,16323,
16325,16332,16333,16334,16336,16350,16351,16352,16353,16354,16355,16356,16358,16395,16396,
16397,16398,16403,16407,16410,16414,16415,16416,16417,16418,16419,16420,16421,16422,16423,
16424,16425,16426,16427,16430,16455,16456,16457,16458,16459,16460,16461,16462,16464,16465,
16466,16467,16468,16492,16493,16494,16496,16497,16498,16499,16500,16501,16502,16503,16504,
16506,16507,16521,16522,16533,16534,16535,16536,16537,16538,16539,16540,16541,16542,16543,
16544,16545,16546,16547,16548,16549,16550,16551,16552,16553,16554,16555,16556,16557,16558,
16569,16570,16571,16572,16573,16574,16575,16576,16577,16578,16579,16589,16590,16591,16592,
16593,16594,16595,16597,16598,16603,16604,16605,16606,16607,16617,16619,16623,16624,16625,
16626,16627,16628,16630,16631,16632,16633,16634,16635,16661,16662,16663,16665,16666,16667,
16672,16673,16674,16675,16676,16677,16678,16679,16680,16681,16682,16683,16684,16685,16714,
16715,16716,16717,16718,16719,16720,16721,16722,16723,16725,16728,16729,16742,16746,16747,
16757,16758,16759,16760,16761,16788,16789,16790,16791,16792,16793,16794,16795,16796,16808,
16809,16810,16811,16813,16815,16838,16839,16840,16841,16843,16844,16845,16846,16847,16848,
16849,16850,16851,16852,16853,16854,16855,16856,16857,16858,16881,16882,16883,16884,16895,
16896,16897,16898,16899,16900,16901,16902,16903,16904,16905,16925,16929,16930,16931,16932,
16934,16937,16952,16953,16954,16956,16957,16958,16971,16973,16974,16975,16976,16977,16978,
16979,16980,16981,16982,16983,16984,16985,16996,16997,16998,16999,17000,17001,17011,17013,
17016,17037,17039,17040,17041,17042,17043,17044,17045,17046,17047,17048,17049,17064,17065,
17066,17067,17068,17069,17092,17093,17094,17095,17096,17123,17124,17127,17128,17129,17130,
17131,17133,17134,17219,17261,17287,17288,17290,17291,17306,17307,17308,17309,17310,17311,
17312,17313
END_

GROUP_DEF
  ID_NAME = FROZEN_AREA_ELEMS_GRP_2
  TYPE=ELEM
  FORMAT=LIST
  LIST_BEGIN
377,501,527,552,1012,1013,1214,1442,1687,1748,2082,2118,2229,2734,2759,2772,2799,2895,2904,
3007,3032,3039,3045,3061,3062,3069,3083,3104,3111,3112,3130,3137,3142,3147,3282,3283,3284,
3291,3324,3343,3351,3352,3394,3416,3417,3426,3435,3438,3441,3456,3508,3533,3550,3567,3568,
3572,3708,3912,3920,3949,3962,4076,4077,4098,4214,4219,4257,4267,4298,4347,4513,4514,4519,
4692,4697,4700,4718,4720,4724,4732,4743,4755,4771,4773,4774,4782,4786,4793,4806,4808,4816,
4828,4831,4842,4844,4859,4868,4873,4882,4883,4889,4900,4902,4903,4906,4908,4914,4921,4928,
4934,4937,4938,4942,4945,4946,4952,4955,4974,4977,5020,5022,5023,5024,5029,5033,5034,5039,
5041,5045,5049,5126,5191,5371,5627,5647,5766,5945,7091,7946,8202,8941,9413,9623,9969,10647,
13169,13444,15186,15195,15238,15397,15603,15604,15605,16366,16418
END_

! ----------------------------------------------------------------
!
! Design Response: Stiffness_Measure
!
DRESP
  ID_NAME = Stiffness_Measure
  LIST = NO_LIST
  DEF_TYPE = SYSTEM
  EL_GROUP = ALL_ELEMENTS
  TYPE = ENERGY_STIFF_MEASURE
  GROUP_OPER = SUM
  LC_SEL = SUM 
  LC_SET = STATIC, ALL, ALL, MAX
END_

! ----------------------------------------------------------------
!
! Design Response: Mass_DResp_1
!
DRESP
  ID_NAME = Mass_DResp_1
  LIST = NO_LIST
  DEF_TYPE = SYSTEM
  EL_GROUP = ALL_ELEMENTS
  TYPE = WEIGHT
  GROUP_OPER = SUM
END_

! ----------------------------------------------------------------
!
!
! Design Area: Task1_DESIGN_AREA
!
DV_TOPO
  ID_NAME = Task1_DESIGN_AREA
  EL_GROUP = ALL_ELEMENTS
END_

! ----------------------------------------------------------------
!
! Objective Function: StiffnessEnergy_Obj_Func
!
OBJ_FUNC
  ID_NAME = StiffnessEnergy_Obj_Func
  DRESP = Stiffness_Measure, 1.0
  TARGET = MIN
END_

! ----------------------------------------------------------------
!
! Constraint: Mass_Constraint_1
!
CONSTRAINT
  ID_NAME = Mass_Constraint_1
  DRESP = Mass_DResp_1
  MAGNITUDE = REL
  LE_VALUE = 0.7
END_

! ----------------------------------------------------------------
!
! Geometric Restriction: Frozen_ManufacConstraint_2
!
DVCON_TOPO
  ID_NAME = Frozen_ManufacConstraint_2
  EL_GROUP = FROZEN_AREA_ELEMS_GRP_1
  CHECK_TYPE = FROZEN
END_

! ----------------------------------------------------------------
!
! Geometric Restriction: Frozen_ManufacConstraint_3
!
DVCON_TOPO
  ID_NAME = Frozen_ManufacConstraint_3
  EL_GROUP = FROZEN_AREA_ELEMS_GRP_2
  CHECK_TYPE = FROZEN
END_

! ----------------------------------------------------------------
!
!
! Optimize: OPTIMIZE_1_TOPOLOGY_OPTIMIZATION_CONTROLLER 
!
OPTIMIZE
  ID_NAME = OPTIMIZE_1_TOPOLOGY_OPTIMIZATION_SENSITIVITY
  DV = Task1_DESIGN_AREA
  OBJ_FUNC = StiffnessEnergy_Obj_Func
  DVCON = Frozen_ManufacConstraint_2
  DVCON = Frozen_ManufacConstraint_3
  CONSTRAINT = Mass_Constraint_1
  STRATEGY = TOPO_SENSITIVITY
END_

OPT_PARAM
  ID_NAME = OPTIMIZE_1_TOPOLOGY_OPTIMIZATION_SENSITIVITY_OPT_PARAM_
  OPTIMIZE = OPTIMIZE_1_TOPOLOGY_OPTIMIZATION_SENSITIVITY
  DV_UPDATE_STRATEGY = CSA
  STABILIZATION = YES
  AUTO_FROZEN = BOTH
  AUTO_FROZEN_CON = BOTH
  STOP_CRITERION_LEVEL = BOTH
  STOP_CRITERION_OBJ = 0.001
  STOP_CRITERION_DENSITY = 0.005
END_

STOP
  ID_NAME = Task-1_GLOBAL_STOP_CONDITION_
  ITER_MAX = 75
END_

